time,S,I,R
0,0.999999,1e-6,0
0.05,0.9999989191929219,1.0619873335347423e-6,1.8819744574296488e-8
0.1,0.9999988333769729,1.127816984139803e-6,3.880604296503336e-8
0.15000000000000002,0.999998742241606,1.1977271729943172e-6,6.003122103380592e-8
0.2,0.9999986454570245,1.2719708875779755e-6,8.257208784505075e-8
0.25,0.9999985426730519,1.3508167491742503e-6,1.0651019905377342e-7
0.30000000000000004,0.9999984335178046,1.4345500297903255e-6,1.31932165658281e-7
0.35000000000000003,0.9999983175963483,1.5234736843802396e-6,1.589299674002798e-7
0.4,0.9999981944892676,1.6179094468796365e-6,1.8760128553997566e-7
0.45,0.9999980637511495,1.7181989942155865e-6,2.1804985627041255e-7
0.5,0.9999979249089715,1.8247051824642624e-6,2.5038584603813806e-7
0.55,0.9999977774603903,1.937813359627688e-6,2.847262501279136e-7
0.6000000000000001,0.9999976208719243,2.057932759778103e-6,3.2119531595341943e-7
0.65,0.9999974545770239,2.185497983612702e-6,3.5992499258526076e-7
0.7000000000000001,0.9999972779740212,2.320970570773966e-6,4.01055408142481e-7
0.75,0.9999970904239537,2.464840669622588e-6,4.447353767745714e-7
0.8,0.9999968912482524,2.6176288105024018e-6,4.911229370679946e-7
0.8500000000000001,0.9999966797262874,2.7798877889108544e-6,5.40385923824893e-7
0.9,0.9999964550927594,2.9522046653859452e-6,5.927025752823565e-7
0.9500000000000001,0.9999962165349328,3.1352028893424997e-6,6.482621779688016e-7
1,0.999995963189694,3.3295445545387287e-6,7.072657515301248e-7
1.05,0.9999956941404297,3.5359327943298487e-6,7.699267760028562e-7
1.1,0.9999954084137104,3.7551143253708095e-6,8.36471964165029e-7
1.1500000000000001,0.9999951049757693,3.9878821489667556e-6,9.0714208175851e-7
1.2000000000000002,0.9999947827287616,4.235078419839586e-6,9.821928185496353e-7
1.25,0.999994440506794,4.497597492684038e-6,1.0618957133788333e-6
1.3,0.9999940770717058,4.776389157529188e-6,1.1465391365451418e-6
1.35,0.9999936911085913,5.072462075603467e-6,1.2364293330788231e-6
1.4000000000000001,0.999993281221041,5.386887428125786e-6,1.3318915306754475e-6
1.4500000000000002,0.9999928459260924,5.720802791214583e-6,1.4332711162985801e-6
1.5,0.9999923836488633,6.075416250923442e-6,1.5409348857064775e-6
1.55,0.9999918927168562,6.452010773279364e-6,1.6552723704218222e-6
1.6,0.9999913713539079,6.851948845120679e-6,1.7766972469434764e-6
1.6500000000000001,0.9999908176737641,7.27667740250963e-6,1.9056488332965283e-6
1.7000000000000002,0.9999902296732571,7.727733064533032e-6,2.0425936783325814e-6
1.75,0.999989605225059,8.206747691406993e-6,2.1880272495274674e-6
1.8,0.9999889420699876,8.715454286972463e-6,2.3424757253795537e-6
1.85,0.9999882378088341,9.2556932669114e-6,2.506497898889796e-6
1.9000000000000001,0.9999874898936856,9.829419115333317e-6,2.680687199006121e-6
1.9500000000000002,0.9999866956187088,1.0438707453783222e-5,2.865673837340936e-6
2,0.9999858521103637,1.1085762548210043e-5,3.0621270879231753e-6
2.0500000000000003,0.9999849563170106,1.1772925281014324e-5,3.270757708226914e-6
2.1,0.9999840049978725,1.2502681616971275e-5,3.492320510228881e-6
2.15,0.9999829947113154,1.3277671593606135e-5,3.7276170907891514e-6
2.2,0.9999819218024,1.4100698868489328e-5,3.9774987312246435e-6
2.25,0.9999807823896651,1.4974740857926157e-5,4.24286947655606e-6
2.3000000000000003,0.9999795723510905,1.590295950364688e-5,4.524689405557683e-6
2.35,0.9999782873091898,1.6888712706364996e-5,4.82397810342821e-6
2.4000000000000004,0.9999769226151826,1.7935566467473633e-5,5.141818349632328e-6
2.45,0.9999754733321826,1.9047307782698998e-5,5.479360034239214e-6
2.5,0.9999739342173485,2.0227958334236882e-5,5.837824316908859e-6
2.5500000000000003,0.9999722997029252,2.148178903077061e-5,6.218508043552472e-6
2.6,0.999970563876115,2.2813335447819028e-5,6.622788436622874e-6
2.6500000000000004,0.9999687204576995,2.42274142241e-5,7.05212807597773e-6
2.7,0.9999667627793382,2.572914047303084e-5,7.5080801883061955e-6
2.75,0.9999646837594632,2.73239462721344e-5,7.992294264222209e-6
2.8000000000000003,0.9999624758776793,2.9017600296989953e-5,8.50652202330861e-6
2.85,0.9999601311475804,3.0816228670476324e-5,9.052623748650272e-6
2.9000000000000004,0.9999576410878833,3.272633710241493e-5,9.632575013725683e-6
2.95,0.9999549966917741,3.475483439934658e-5,1.0248473825939489e-5
3,0.9999521883943578,3.69090574290869e-5,1.0902548212579033e-5
3.0500000000000003,0.9999492060380929,3.919679762991461e-5,1.1597164276570314e-5
3.1,0.9999460388360885,4.162632915977604e-5,1.2334834751099646e-5
3.1500000000000004,0.9999426753331286,4.4206438786755265e-5,1.3118228083961905e-5
3.2,0.9999391033642867,4.694645762828225e-5,1.3950178084401128e-5
3.25,0.9999353100109789,4.985629485315528e-5,1.4833694167231563e-5
3.3000000000000003,0.9999312815543008,5.29464734674428e-5,1.577197223116881e-5
3.35,0.9999270053084816,5.62267239711414e-5,1.6767967546690222e-5
3.4000000000000004,0.9999224635108998,5.9710670958733624e-05,1.7825818140849515e-5
3.45,0.9999176403092657,6.34104736482961e-5,1.8949217085306383e-5
3.5,0.9999125182818768,6.73394949770519e-5,2.0142223145493624e-5
3.5500000000000003,0.9999070789144299,7.15119358520887e-5,2.1409149717243524e-5
3.6,0.9999013025505051,7.594287311426252e-5,2.275457637981115e-5
3.6500000000000004,0.9998951683163837,8.064831718599874e-5,2.418336642958201e-5
3.7,0.9998886540460273,8.564526959263516e-5,2.5700684379170883e-5
3.75,0.9998817362011722,9.09517842289406e-5,2.7312014598095887e-5
3.8000000000000003,0.9998743897864645,9.658703242321094e-5,2.902318111150307e-5
3.85,0.9998665882593656,1.0257137201145292e-4,3.0840368622108264e-5
3.9000000000000004,0.9998583034344974,1.0892642067015043e-4,3.277014483153245e-5
3.95,0.9998495053820893,1.1567513376866159e-4,3.481948414111108e-5
4,0.9998401623201637,1.2284188701815137e-4,3.699579281717746e-5
4.05,0.9998302405000773,1.3045256421073784e-4,3.930693571103107e-5
4.1000000000000005,0.9998197040850094,1.3853465036027513e-4,4.1761264629323183e-05
4.15,0.9998085150209675,1.4711733057498248e-4,4.43676484564462e-5
4.2,0.9997966328998502,1.5623159501201704e-4,4.7135505136721495e-5
4.25,0.999784014814083,1.659103502851285e-4,5.0074835630760167e-5
4.3,0.9997706152023127,1.7618853771880587e-4,5.319625996734852e-5
4.3500000000000005,0.9997563856856133,1.8710325886587512e-4,5.651105551960383e-5
4.4,0.9997412748936264,1.9869390873041592e-4,6.003119764198207e-5
4.45,0.9997252282800215,2.1100231716420027e-4,6.376940281302463e-5
4.5,0.9997081879266285,2.2407289893268105e-4,6.773917443752712e-5
4.55,0.9996900923355516,2.3795281297597085e-4,7.195485147113631e-5
4.6000000000000005,0.9996708762085371,2.526921314213049e-4,7.643166004025174e-5
4.65,0.9996504702128218,2.68344018936274e-4,8.118576824056413e-5
4.7,0.9996288007326433,2.849649230467286e-4,8.623434430863355e-5
4.75,0.9996057896055462,3.026147760797543e-4,9.159561837262701e-5
4.800000000000001,0.9995813538425672,3.2135720943063525e-4,9.728894800074094e-5
4.8500000000000005,0.9995554053313264,3.4125978089328776e-4,1.0333488777895756e-4
4.9,0.9995278505209986,3.623942158364095e-4,1.0975526316367136e-4
4.95,0.9994985904604999,3.8483637767491435e-4,1.1657316182373145e-4
5,0.9994675192866701,4.0866742601726995e-4,1.2381328731124805e-4
5.050000000000001,0.9994345250781316,4.3397316199692676e-4,1.3150175986997083e-4
5.1000000000000005,0.9993994890246609,4.6084466430012155e-4,1.3966631103742435e-4
5.15,0.9993622849454818,4.893786577677386e-4,1.4833639674894712e-4
5.2,0.9993227788870513,5.196778209760727e-4,1.5754329197111236e-4
5.25,0.9992808286455785,5.518511513954128e-4,1.673202030245821e-4
5.300000000000001,0.9992362832618988,5.860143516124009e-4,1.777023864872849e-4
5.3500000000000005,0.9991889824862906,6.222902384496475e-4,1.8872727525826336e-4
5.4,0.9991387562108964,6.608091767550274e-4,2.0043461234704748e-4
5.45,0.9990854238680335,7.017095391540179e-4,2.128665928110516e-4
5.5,0.9990287937923891,7.451381932761043e-4,2.2606801433341575e-4
5.550000000000001,0.9989686625450104,7.912510180306359e-4,2.4008643695749452e-4
5.6000000000000005,0.9989048141968886,8.402134505869038e-4,2.5497235252307883e-4
5.65,0.9988370195698199,8.922010657981383e-4,2.707793643806006e-4
5.7,0.9987650354321103,9.474001898962892e-4,2.875643779920854e-4
5.75,0.9986886036465622,0.0010060085503745834,3.053878030617919e-4
5.800000000000001,0.9986074502680556,0.001068235964067667,3.243137678753087e-4
5.8500000000000005,0.9985212845879007,0.001134305065534453,3.444103465634336e-4
5.9,0.9984297981220057,0.001204452077946448,3.657498000464781e-4
5.95,0.998332663539759,0.0012789276287838555,3.884088314557473e-4
6,0.9982295335303838,0.0013579976127429895,4.1246885687190284e-4
6.050000000000001,0.9981200396033731,0.0014419441043608354,4.3801629226471634e-4
6.1000000000000005,0.9980037908194678,0.0015310663229655033,4.651428575654014e-4
6.15,0.9978803724484833,0.0016256816526642136,4.939458988512803e-4
6.2,0.9977493445501433,0.0017261267201824095,5.24528729672957e-4
6.25,0.9976102404739244,0.00183275853346789,5.570009926064607e-4
6.300000000000001,0.9974625652737606,0.0019459556840712563,5.914790421669013e-4
6.3500000000000005,0.9973057940333157,0.002066119616407281,6.280863502760035e-4
6.4,0.9971393700973759,0.00219367596708967,6.669539355333817e-4
6.45,0.9969627032047863,0.0023290759776121977,7.082208176004163e-4
6.5,0.996775167518212,0.0024727979837207647,7.520344980660324e-4
6.550000000000001,0.9965760995458925,0.0026253489848810044,7.985514692252839e-4
6.6000000000000005,0.9963647959504421,0.0027872662972923735,8.479377522642387e-4
6.65,0.9961405112396614,0.0029591192939292716,9.003694664079713e-4
6.7,0.9959024553342474,0.003141511235099251,9.560334306520908e-4
6.75,0.9956497910072425,0.0033350811929943607,0.0010151277997618832
6.800000000000001,0.9953816311900429,0.0035405060736697054,0.0010778627362862383
6.8500000000000005,0.9950970361397945,0.003758502739808793,0.0011444611203955983
6.9,0.9947950104630624,0.003989830237522985,0.0012151592994135408
6.95,0.9944745000961448,0.004235292051576077,0.001290207852278027
7,0.9941343887376737,0.004495738764903152,0.001369872497422064
7.050000000000001,0.9937734946233877,0.00477207045717957,0.001454434919431624
7.1000000000000005,0.9933905669775929,0.005065239337959673,0.0015441936844463357
7.15,0.9929842821416158,0.005376252613776331,0.0016394652446066623
7.2,0.9925532396593658,0.005706175378207093,0.0017405849624260576
7.25,0.9920959581724623,0.006056133633854592,0.0018479081936820098
7.300000000000001,0.9916108711342997,0.006427317437692033,0.0019618114280072004
7.3500000000000005,0.9910963223484562,0.0068209841638696995,0.002082693487672946
7.4,0.9905505613294125,0.007238461883507136,0.002210976787079222
7.45,0.9899717384865913,0.007681152858431595,0.002347108654976071
7.5,0.9893579001337041,0.008150537144828277,0.0024915627214664253
7.550000000000001,0.9887069833269414,0.008648176301303276,0.0026448403717541356
7.6000000000000005,0.9880168105373587,0.009175717194161843,0.002807472268478299
7.65,0.9872850841648644,0.009734895890805728,0.0029800199443288464
7.7,0.9865093809035527,0.010327541629993737,0.003163077466452595
7.75,0.9856871459707921,0.010955580855275041,0.0033572731739318438
7.800000000000001,0.9848156872154873,0.011621041295168489,0.003563271489343121
7.8500000000000005,0.9838921691243241,0.012326056070598392,0.0037817748050764134
7.9,0.982913606748608,0.013072867806682018,0.004013525444708891
7.95,0.9818768595785544,0.013863832722169431,0.004259307699274876
8,0.9807786253966115,0.014701424665638379,0.004519949937748897
8.05,0.9796154341466262,0.015588239062919488,0.0047963267904529965
8.1,0.9783836418614448,0.016526996735148597,0.005089361403405369
8.15,0.9770794246978685,0.017520547541293844,0.005400027760836452
8.200000000000001,0.9756987731348297,0.018571873792967684,0.005729353072201423
8.25,0.9742374863981901,0.019684093382801658,0.006078420219007015
8.3,0.9726911671837377,0.02086046256062621,0.006448370255634807
8.35,0.9710552167587561,0.022104378284167822,0.006840404957074864
8.4,0.9693248305319564,0.023419380062968436,0.007255789405073802
8.450000000000001,0.9674949941915869,0.02480915120577153,0.007695854602640183
8.5,0.965560480522106,0.026277519372760464,0.00816200010513216
8.55,0.9635158470208969,0.027828456324833547,0.008655696654268219
8.6,0.9613554344480006,0.029466076752650287,0.00917848879934775
8.65,0.9590733664536589,0.031194636058598735,0.009731997487740939
8.700000000000001,0.9566635504404435,0.03301852695525169,0.010317922604303316
8.75,0.9541196798287156,0.0349422747344882,0.01093804543679475
8.8,0.9514352379059001,0.03697053105246111,0.011594231041637267
8.85,0.9486035034513006,0.03910806606725531,0.012288430481442665
8.9,0.9456175583385968,0.04135975875870732,0.013022682902694422
8.950000000000001,0.9424702973274133,0.04373058525378874,0.013799117418796615
9,0.9391544402629545,0.04622560497660646,0.014619954760437643
9.05,0.9356625468522133,0.0488499444897148,0.01548750865807046
9.1,0.9319870344967859,0.051608778618384046,0.01640418688482867
9.15,0.9281201989904287,0.05450730905497904,0.017372491954590754
9.200000000000001,0.9240542385698493,0.05755074003057658,0.018395021399572737
9.25,0.9197812815559745,0.060744250876866177,0.01947446756715786
9.3,0.9152934177035148,0.06409296540683225,0.020613616889651395
9.35,0.9105827334293239,0.06760191800331654,0.021815348567357916
9.4,0.9056413511022858,0.07127601629694653,0.023082632600766005
9.450000000000001,0.9004614725041568,0.07512000038599738,0.024418527109844296
9.5,0.8950354265340698,0.07913839858858278,0.02582617487734585
9.55,0.8893557211786975,0.0833354797683142,0.02730879905298668
9.600000000000001,0.8834150997080287,0.08771520233512364,0.028869697956846015
9.65,0.8772066009861427,0.09228116009114103,0.03051223892271467
9.700000000000001,0.870723623705853,0.09703652516821368,0.03223985112593159
9.75,0.8639599942664455,0.10198398838804594,0.034056017345506846
9.8,0.8569100379154946,0.10712569746730842,0.03596426461719531
9.850000000000001,0.8495686526700035,0.11246319358722315,0.03796815374277158
9.9,0.8419313854203495,0.11799734694848578,0.04007126763116285
9.950000000000001,0.833994509504787,0.12372829203584045,0.04227719845937068
10,0.825755102925067,0.12965536341965425,0.0445895336552768
10.05,0.8172111262581042,0.13577703302144348,0.04701184072045045
10.100000000000001,0.8083614991856968,0.1420908498861931,0.049547650928108214
10.15,0.7992061745633443,0.14859338349252582,0.052200441944127984
10.200000000000001,0.7897462086965426,0.1552801718115949,0.054973619491860616
10.25,0.7799838265261687,0.16214567539840838,0.057870498075421065
10.3,0.7699224803823758,0.16918323867563614,0.06089428094198631
10.350000000000001,0.7595669009249613,0.17638505965179804,0.06404803942323883
10.4,0.7489231388854856,0.18374216930925172,0.0673346918052608
10.450000000000001,0.7379985962882445,0.19124442179289083,0.07075698191886279
10.5,0.7268020459071282,0.19888049643554898,0.07431745765732099
10.55,0.7153436378371976,0.20663791251671904,0.07801844964608143
10.600000000000001,0.7036348922219743,0.21450305747431733,0.0818620503037064
10.65,0.6916886773776788,0.22246122907769034,0.0858500935446289
10.700000000000001,0.6795191731019791,0.23049669153871225,0.08998413535930677
10.75,0.6671418174852662,0.23859274689046617,0.09426543562426581
10.8,0.654573239672818,0.24673181906570726,0.09869494126147288
10.850000000000001,0.641831177338444,0.2548955515964738,0.10327327106508044
10.9,0.6289343794705863,0.26306491807169835,0.10800070245771355
10.950000000000001,0.6159024958658246,0.27122034377461524,0.11287716035955836
11,0.6027559547001009,0.2793418369385171,0.11790220836138018
11.05,0.5895158295579178,0.28740912806998165,0.12307504237209864
11.100000000000001,0.5762036977835784,0.29540181534756454,0.12839448686885513
11.15,0.5628414921882443,0.30329951397158966,0.13385899384016414
11.200000000000001,0.549451348301773,0.31108200722369944,0.13946664447452572
11.25,0.5360554494636559,0.31872939693180735,0.14521515360453485
11.3,0.5226758720922932,0.32622225103311886,0.15110187687458612
11.350000000000001,0.5093344334561601,0.3335417459853203,0.15712382055851756
11.4,0.49605254416277816,0.3406698019216639,0.163277653915556
11.450000000000001,0.48285106763276414,0.34758920844265345,0.16955972392458052
11.5,0.46975018820934206,0.3542837395655964,0.17596607222505967
11.55,0.4567692898645093,0.3607382560943685,0.1824924540411203
11.600000000000001,0.4439268467943271,0.36693879435433707,0.18913435885133395
11.65,0.43124032715996896,0.3728726402945876,0.19588703254544154
11.700000000000001,0.4187261107382823,0.37852838846552095,0.20274550079619494
11.75,0.40639942104901133,0.3838959855829446,0.20970459336804215
11.8,0.3942742721963846,0.3889667587236339,0.21675896907997963
11.850000000000001,0.382363430348007,0.3937334285066275,0.2239031411453636
11.9,0.3706783895560172,0.3981901078242888,0.23113150261969215
11.950000000000001,0.35922936131520183,0.4023322869855714,0.23843835169922495
12,0.3480252771039837,0.40615680626366224,0.24581791663235225
12.05,0.3370738029414191,0.4096618170351918,0.2532643800233873
12.100000000000001,0.3263813648760482,0.4128467327911684,0.26077190233278147
12.15,0.31595318422082247,0.41571217137831484,0.2683346444008608
12.200000000000001,0.3057933212823495,0.4182598898698071,0.2759467888478415
12.25,0.29590472630663484,0.4204927134649854,0.28360256022837804
12.3,0.2862892963640346,0.4224144597917177,0.2912962438442459
12.350000000000001,0.2769479369296574,0.42402985992700604,0.29902220314333466
12.4,0.2678806269643504,0.42534447737937564,0.3067748956562722
12.450000000000001,0.25908648637335335,0.42636462618189136,0.3145488874447535
12.5,0.2505638448069467,0.4270972891384998,0.32233886605455164
12.55,0.24231031086272725,0.4275500371526487,0.3301396519846222
12.600000000000001,0.23432284085133182,0.4277309504488552,0.3379462086998112
12.65,0.22659780639222166,0.4276485423797346,0.34575365122804197
12.700000000000001,0.21913106021889261,0.4273116863858331,0.3535572533952725
12.75,0.2119179996585395,0.42672954658277373,0.361352453758685
12.8,0.2049536273741476,0.4259115123164163,0.3691348603094344
12.850000000000001,0.19823260902843381,0.42486713695306244,0.37690025401850197
12.9,0.1917493276284159,0.4236060810660776,0.3846445913055047
12.950000000000001,0.18549793438019394,0.42213806010855515,0.39236400551124917
13,0.1794723959539149,0.4204727965899244,0.40005480745615885
13.05,0.17366653812069116,0.4186199767127196,0.4077134851665874
13.100000000000001,0.16807408577486482,0.4165892113755471,0.41533670284958624
13.15,0.1626886993992183,0.4143900014060993,0.4229212991946806
13.200000000000001,0.15750400806734574,0.41203170685431206,0.43046428507834034
13.25,0.15251363910688137,0.4095235201496086,0.4379628407435082
13.3,0.14771124457029408,0.4068744429069181,0.445414312522786
13.350000000000001,0.14309052467718278,0.40409326615300906,0.4528162091698064
13.4,0.13864524840407563,0.4011885537368407,0.4601661978590819
13.450000000000001,0.1343692714053454,0.39816862868438685,0.467462099910266
13.5,0.13025655145261114,0.39504156225900006,0.47470188628838694
13.55,0.12630116158047572,0.39181516549222684,0.4818836729272956
13.600000000000001,0.12249730112446049,0.38849698295623275,0.4890057159193049
13.65,0.11883930483226267,0.38509428855779687,0.49606640660993867
13.700000000000001,0.11532165022375382,0.381614083143458,0.5030642666327865
13.75,0.1119389633675897,0.3780630937168258,0.5099979429155829
13.8,0.10868602323387082,0.3744477740808289,0.5168662026852986
13.850000000000001,0.10555776477327888,0.37077430673007916,0.5236679284966403
13.9,0.10254928086365775,0.36704860583108695,0.5304021133052537
13.950000000000001,0.09965582325533083,0.36327632114056124,0.5370678556041064
14,0.09687280263676981,0.35946284272432844,0.5436643546389002
14.05,0.09419578793267325,0.3556133063513553,0.5501909057159698
14.100000000000001,0.09162050493721033,0.3517325994488615,0.5566468956139266
14.15,0.08914283437620019,0.3478253675154603,0.5630317981083379
14.200000000000001,0.08675880948341967,0.343896020899638,0.5693451696169407
14.25,0.0844646131680958,0.3399487418606198,0.5755866449712828
14.3,0.08225657484297355,0.33598749183775894,0.5817559333192659
14.350000000000001,0.08013116697518571,0.33201601886303245,0.5878528141617803
14.4,0.07808500141547567,0.32803786505901156,0.5938771335255112
14.450000000000001,0.07611482555515237,0.32405637417184113,0.5998288002730049
14.5,0.07421751835446813,0.3200746990953104,0.60570778255022
14.55,0.07239008628089072,0.31609580934805576,0.6115141043710519
14.600000000000001,0.07062965919097985,0.3121224984713538,0.6172478423376647
14.65,0.06893348618524048,0.30815739131983344,0.6229091224949246
14.700000000000001,0.067298931461399,0.3042029512218385,0.6284981173167609
14.75,0.06572347018796021,0.30026148699015176,0.6340150428218865
14.8,0.06420468441703964,0.2963351597669499,0.6394601558160088
14.850000000000001,0.06274025905162846,0.29242598969097916,0.6448337512573907
14.9,0.06132797788114808,0.288535862376438,0.6501361597424121
14.950000000000001,0.05996571969658103,0.2846665351958382,0.6553677451075791
15,0.058651454493410464,0.2808196433621652,0.6605289021444226
15.05,0.057383239769977265,0.27699670580645785,0.6656200544235631
15.100000000000001,0.056159216926880945,0.27319913084894387,0.6706416522241734
15.15,0.05497760777164948,0.26942822166327285,0.6755941705650759
15.200000000000001,0.053836711131728526,0.26568518153456927,0.6804781073337004
15.25,0.05273489957779367,0.2619711189130531,0.6852939815091516
15.3,0.05167061625848139,0.25828705226583637,0.6900423314756806
15.350000000000001,0.05064237184685669,0.2546339147302391,0.6947237134229025
15.4,0.049648741598265725,0.25101255857255794,0.6993386998291746
15.450000000000001,0.04868836251865679,0.24742375945671877,0.7038878780246227
15.5,0.047759930641975194,0.24386822052763577,0.7083718488303874
15.55,0.046862198414838525,0.24034657631440254,0.7127912252707572
15.600000000000001,0.045993972186371836,0.23685939645868043,0.717146631354946
15.65,0.04515410980081368,0.2334071892738099,0.7214387009253747
15.700000000000001,0.044341518290291856,0.2299904051402865,0.7256680765694199
15.75,0.043555151665001866,0.22660943974330464,0.7298354085916917
15.8,0.042794008797894995,0.2232646371580892,0.7339413540440141
15.850000000000001,0.04205713140089553,0.2199562927887267,0.7379865758103761
15.9,0.04134360208960645,0.2166846561661547,0.7419717417442371
15.950000000000001,0.04065254253343226,0.21344993361090284,0.7458975238556631
16,0.03998311168803791,0.21025229076608568,0.7497645975458747
16.05,0.03933450410707253,0.2070918550060347,0.753573640886891
16.1,0.03870594833011362,0.20396871772583963,0.757325333944045
16.150000000000002,0.038096705343826566,0.20088293651692748,0.7610203581392442
16.2,0.03750606711338609,0.19783453723366934,0.7646593956529427
16.25,0.036933355181266295,0.19482351595585157,0.7682431288628803
16.3,0.03637791933057458,0.19184984085169682,0.7717722398177268
16.35,0.03583913631017742,0.1889134539459568,0.775247409743864
16.400000000000002,0.03531640861894545,0.18601427279744462,0.7786693185836081
16.45,0.03480916334652673,0.1831521920902125,0.7820386445632589
16.5,0.03431685106814072,0.18032708514241874,0.7853560637894386
16.55,0.0338389447909723,0.17753880533677638,0.7886222498722494
16.6,0.03337493894982995,0.17478718747631047,0.7918378735738576
16.650000000000002,0.03292434844982024,0.17207204906900725,0.7950036024811706
16.7,0.032486707753875986,0.16939319154478202,0.7981201007013401
16.75,0.0320615700130606,0.16675040140804798,0.8011880285788895
16.8,0.03164850623765612,0.16414345132902838,0.8042080424333136
16.85,0.031247104507123168,0.16157210117680998,0.8071807943160649
16.900000000000002,0.030856969217103437,0.15903609899700738,0.8101069317858872
16.95,0.03047772036171267,0.15653518193677524,0.8129870977015101
17,0.030108992849449095,0.1540690771197794,0.8158219300307695
17.05,0.029750435851116766,0.15163750247362134,0.8186120616752599
17.1,0.02940171217823407,0.14924016751208702,0.8213581203096768
17.150000000000002,0.029062497690468266,0.14687677407448702,0.8240607282350426
17.2,0.02873248073070307,0.14454701702424239,0.8267205022450524
17.25,0.028411361586410975,0.14225058490876946,0.8293380535048175
17.3,0.028098851976064477,0.13998716058262026,0.8319139874413132
17.35,0.027794674559379052,0.13775642179573552,0.8344489036448833
17.400000000000002,0.027498562470238814,0.13555804174858316,0.8369433957811759
17.45,0.02721025887121007,0.13339168961586428,0.8393980515129236
17.5,0.02692951652860049,0.1312570310403882,0.8418134524310092
17.55,0.02665609740707223,0.12915372859863997,0.8441901739942859
17.6,0.026389772282864613,0.1270814422394861,0.8465287854776473
17.650000000000002,0.026130320374728528,0.12503982969739552,0.8488298499278739
17.7,0.025877528991718163,0.12302854688148308,0.8510939241267967
17.75,0.02563119319702731,0.12104724824161715,0.8533215585613535
17.8,0.02539111548709781,0.11909558711277406,0.855513297400126
17.85,0.025157105485264973,0.11717321603875815,0.8576696784759748
17.900000000000002,0.024928979649241616,0.11527978707635493,0.8597912332744013
17.95,0.024706560991776427,0.1134149520809288,0.8618784869272926
18,0.024489678813855196,0.11157836297442587,0.8639319582117168
18.05,0.024278168449844907,0.1097696719966968,0.8659521595534561
18.1,0.02407187102400991,0.10798853194100409,0.8679395970349838
18.150000000000002,0.02387063321785806,0.10623459637453937,0.8698947704076003
18.2,0.02367430704780132,0.10450751984473149,0.8718181731074649
18.25,0.023482749652640782,0.10280695807208778,0.8737102922752692
18.3,0.023295823090410683,0.10113256813027492,0.8755716087793122
18.35,0.02311339414413841,0.09948400861410678,0.8774025972417525
18.400000000000002,0.02293533413610002,0.09786093979607632,0.8792037260678214
18.45,0.022761518750171177,0.0962630237720348,0.8809754574777917
18.5,0.022591827861893274,0.09468992459659047,0.882718247541514
18.55,0.02242614537589348,0.09314130840877294,0.8844325462153313
18.6,0.022264359070314817,0.091616843548477,0.886118797381206
18.650000000000002,0.022106360447929747,0.09011620066417858,0.8877774388878895
18.7,0.021952044593626596,0.0886390528123877,0.8894089025939836
18.75,0.02180131003797328,0.08718507554928007,0.8910136144127446
18.8,0.021654058626577696,0.08575394701492885,0.8925919943584915
18.85,0.021510195394977324,0.08434534801053281,0.8941444565944878
18.900000000000002,0.021369628448804093,0.0829589620690212,0.8956714094821727
18.95,0.021232268848986224,0.08159447551939081,0.897173255631621
19,0.021098030501794537,0.08025157754506487,0.8986503919531386
19.05,0.02096683005330029,0.07892996023687363,0.900103209709824
19.1,0.02083858678842245,0.0776293186404719,0.9015320945711035
19.150000000000002,0.020713222534093603,0.07634935079883537,0.9029374266670689
19.200000000000003,0.020590661566366526,0.07508975779009518,0.9043195806435362
19.25,0.02047083052135568,0.07385024376088188,0.9056789257177603
19.3,0.020353658309819483,0.0726305159554583,0.9070158257347201
19.35,0.020239076035219798,0.07143028474088105,0.908330639223897
19.400000000000002,0.020127016915103588,0.07024926362841388,0.9096237194564804
19.450000000000003,0.0200174162056594,0.06908716929140861,0.9108954145029299
19.5,0.019910211129308165,0.0679437215798559,0.9121460672908338
19.55,0.019805340805194523,0.06681864353179845,0.9133760156630049
19.6,0.01970274618245128,0.06571166138179074,0.9145855924357559
19.650000000000002,0.019602369976115454,0.06462250456657766,0.9157751254573048
19.700000000000003,0.01950415660558027,0.06355090572815787,0.9169449376662597
19.75,0.019408052135472798,0.062496600714388555,0.9180953471501365
19.8,0.01931400421885206,0.06145932857727931,0.9192266672038665
19.85,0.019221962042627473,0.060438831569117765,0.9203392063882526
19.900000000000002,0.019131876275101992,0.05943485513655924,0.9214332685883366
19.950000000000003,0.019043699015548872,0.058447147912808556,0.9225091530716404
20,0.018957383745735135,0.057475461708014465,0.9235671545462483
20.05,0.018872885283308858,0.05651955149799058,0.9246075632186984
20.1,0.018790159736971197,0.05557917541137266,0.925630664851654
20.150000000000002,0.0187091644633577,0.05465409471531383,0.9266367408213263
20.200000000000003,0.018629858025556854,0.05374407379981658,0.9276260681746245
20.25,0.01855220015319723,0.05284888016079395,0.9285989196860067
20.3,0.018476151704037547,0.05196828438194757,0.9295555639140127
20.35,0.018401674626997093,0.05110206011554694,0.9304962652574538
20.400000000000002,0.01832873192656662,0.05024998406218792,0.9314212840112434
20.450000000000003,0.018257287628542694,0.04941183594960625,0.9323308764218491
20.5,0.018187306747030896,0.04858739851061709,0.9332252947423499
20.55,0.018118755252665746,0.04777645746024763,0.9341047872870846
20.6,0.01805160004199768,0.046978801472127636,0.9349695984858727
20.650000000000002,0.01798580890799937,0.046194222154197245,0.9358199689378014
20.700000000000003,0.01792135051164597,0.045422514023790356,0.9366561354645618
20.75,0.01785819435452591,0.044663474482147685,0.9374783311633245
20.8,0.017796310752440543,0.04391690378841058,0.9382867854591469
20.85,0.017735670809953107,0.043182605033145305,0.9390817241568996
20.900000000000002,0.0176762463958488,0.042460384111442775,0.9398633694927064
20.950000000000003,0.01761801011946986,0.04175004969563822,0.9406319401848898
21,0.017560935307890737,0.04105141320769183,0.9413876514844153
21.05,0.017504995983900137,0.0403642887912692,0.9421307152248286
21.1,0.017450166844758246,0.03968849328355934,0.9428613398716804
21.150000000000002,0.017396423241698503,0.03902384618686401,0.9435797305714355
21.200000000000003,0.017343741160144904,0.03837016963999236,0.9442860891998607
21.25,0.017292097200616936,0.037727288389491576,0.9449806144098895
21.3,0.017241468560295375,0.03709502976074286,0.9456635016789596
21.35,0.01719183301522341,0.03647322362895121,0.9463349433558232
21.400000000000002,0.01714316890311863,0.03586170239005415,0.9469951287068252
21.450000000000003,0.01709545510677233,0.035260300931574985,0.9476442439616506
21.5,0.017048671038013753,0.03466885660344348,0.9482824723585408
21.55,0.017002796622217656,0.03408720918880577,0.9489099941889746
21.6,0.01695781228333465,0.03351520087484471,0.9495269868418186
21.650000000000002,0.016913698929424417,0.0329526762236293,0.9501336248469442
21.700000000000003,0.016870437938672978,0.03239948214301201,0.950730079918313
21.75,0.016828011145875742,0.03185546785759096,0.9513165209965314
21.8,0.01678640082936894,0.03132048487975289,0.9518931142908762
21.85,0.01674558969839277,0.030794386980812556,0.9524600233207927
21.900000000000002,0.016705560880870118,0.03027703016226189,0.953017408956866
21.950000000000003,0.016666297911585626,0.029768272627142878,0.9535654294612695
22,0.016627784720750237,0.029267974751556156,0.9541042405276916
22.05,0.016590005622937096,0.028775999056316903,0.954633995320744
22.1,0.016552945306375293,0.0282922101787692,0.9551548445148534
22.150000000000002,0.01651658882258826,0.027816474844768332,0.9556669363326413
22.200000000000003,0.016480921576364483,0.02734866184084082,0.9561704165827926
22.25,0.016445929316048397,0.026888641986530744,0.9566654286974188
22.3,0.01641159812413993,0.02643628810694028,0.9571521137689176
22.35,0.01637791440819171,0.025991475005472327,0.9576306105863338
22.400000000000002,0.01634486489199317,0.025554079436781577,0.9581010556712232
22.450000000000003,0.016312436607031435,0.025123980079940756,0.9585635833130257
22.5,0.016280616884219085,0.02470105751182778,0.9590183256039512
22.55,0.01624939334587941,0.024285194180739038,0.9594654124733796
22.6,0.016218753897980106,0.02387627438023408,0.9599049717217838
22.650000000000002,0.016188686722606607,0.02347418422321565,0.9603371290541757
22.700000000000003,0.016159180270666765,0.023078811616249518,0.9607620081130815
22.75,0.016130223254818787,0.022690046234127556,0.9611797305110515
22.8,0.016101804642614678,0.022307779494677292,0.9615904158627059
22.85,0.016073913649851748,0.021931904533821215,0.9619941818163249
22.900000000000002,0.016046539734125023,0.02156231618088785,0.9623911440849849
22.950000000000003,0.016019672588573668,0.02119891093417736,0.9627814164772468
23,0.015993302135814763,0.020841586936783407,0.9631651109273996
23.05,0.015967418522058126,0.02049024395267292,0.9635423375252667
23.1,0.015942012111395957,0.020144783343025524,0.9639132045455763
23.150000000000002,0.01591707348026146,0.019805108042833256,0.9642778184769032
23.200000000000003,0.015892593412050716,0.019471122537761926,0.9646362840501852
23.25,0.015868562891902357,0.01914273284127467,0.9649887042668208
23.3,0.01584497310162976,0.01881984647201804,0.9653351804263501
23.35,0.0158218154148007,0.01850237243147129,0.9656758121537259
23.400000000000002,0.015799081391959534,0.018190221181858424,0.9660106974261798
23.450000000000003,0.01577676277598727,0.017883304624323363,0.9663399325996872
23.5,0.015754851487594913,0.01758153607736773,0.9666636124350352
23.55,0.015733339620945787,0.017284830255550818,0.9669818301235011
23.6,0.01571221943940258,0.01699310324845145,0.9672946773121438
23.650000000000002,0.015691483371395074,0.016706272499890592,0.9676022441287121
23.700000000000003,0.015671124006404632,0.01642425678741419,0.967904619206179
23.75,0.015651134091061697,0.01614697620203519,0.9682018897069009
23.8,0.01563150652535263,0.015874352128233488,0.9684941413464118
23.85,0.01561223435893245,0.015606307224212978,0.9687814584168524
23.900000000000002,0.015593310787540025,0.015342765402413978,0.9690639238100437
23.950000000000003,0.01557472914951249,0.015083651810279895,0.9693416190402053
24,0.01555648292239577,0.014828892811276632,0.9696146242663253
24.05,0.015538565719648123,0.014578415966162992,0.9698830183141866
24.1,0.01552097128743383,0.014332150014510776,0.970146878698053
24.150000000000002,0.015503693501504188,0.01409002485647244,0.970406281642021
24.200000000000003,0.015486726364163067,0.013851971534794848,0.9706613021010397
24.25,0.015470064001314449,0.013617922217077146,0.9709120137816061
24.3,0.015453700659589347,0.013387810178270787,0.9711584891621374
24.35,0.01543763070354973,0.013161569783420018,0.9714007995130278
24.400000000000002,0.015421848612967018,0.012939136470640461,0.97163901491639
24.450000000000003,0.01540634898017292,0.012720446734334005,0.9718732042854906
24.5,0.015391126507480375,0.012505438108637856,0.9721034353838793
24.55,0.015376176004672485,0.012294049151105496,0.9723297748442197
24.6,0.01536149238655737,0.012086219426617674,0.9725522881868226
24.650000000000002,0.015347070670586986,0.011881889491520898,0.9727710398378897
24.700000000000003,0.015332905974537937,0.011681000877991461,0.9729860931474683
24.75,0.015318993514252487,0.011483496078622667,0.9731975104071227
24.8,0.015305328601437913,0.011289318531232943,0.9734053528673269
24.85,0.01529190664152254,0.011098412603892764,0.9736096807545824
24.900000000000002,0.015278723131566717,0.010910723580167791,0.9738105532882633
24.950000000000003,0.015265773658227151,0.010726197644576172,0.9740080286971945
25,0.015253053895773031,0.010544781868257556,0.9742021642359672
25.05,0.015240559604152416,0.010366424194851466,0.97439301620099406
25.1,0.015228286627107438,0.010191073426582879,0.9745806399463076
25.150000000000002,0.01521623089033689,0.010018679210552398,0.9747650898991085
25.200000000000003,0.015204388399704848,0.009849192025228885,0.974946419575064
25.25,0.015192755239493979,0.009682563167142116,0.9751246815933617
25.3,0.015181327570702273,0.009518744737773067,0.9752999276915225
25.35,0.015170101629381955,0.00935768963063967,0.9754722087399763
25.400000000000002,0.015159073725019357,0.009199351518575429,0.9756415747564031
25.450000000000003,0.015148240238954643,0.009043684841198772,0.9758080749198444
25.5,0.015137597622840171,0.008890644792570694,0.9759717575845871
25.55,0.015127142397136509,0.008740187309038383,0.976132670293823
25.6,0.01511687114964497,0.008592269057262571,0.9762908597930905
25.650000000000002,0.015106780534075688,0.008446847422426186,0.976446372043496
25.700000000000003,0.015096867268650229,0.008303880496622104,0.9765992522347255
25.75,0.015087128134737794,0.00816332706741765,0.9767495447978425
25.8,0.015077559975524067,0.008025146606593567,0.9768972934178803
25.85,0.015068159694711845,0.007889299259055287,0.9770425410462308
25.900000000000002,0.01505892425525253,0.0077557458319140885,0.9771853299128312
25.950000000000003,0.015049850678107692,0.007624447783736017,0.9773257015381542
26,0.01504093604103984,0.0074953672139563285,0.9774636967450018
26.05,0.015032177477431656,0.007368466852457168,0.9775993556701091
26.1,0.015023572175132891,0.0072437100493064534,0.9777327177755586
26.150000000000002,0.015015117375334182,0.0071210607646555865,0.9778638218600081
26.200000000000003,0.015006810371467076,0.007000483558793978,0.9779927060697369
26.25,0.014998648508129592,0.006881943582358191,0.9781194079095101
26.3,0.014990629180036562,0.0067654065666935374,0.9782439642532679
26.35,0.0149827498309942,0.006650838814366158,0.9783664113546375
26.400000000000002,0.014975007952898169,0.006538207189823305,0.9784867848572764
26.450000000000003,0.014967401084754573,0.006427479110199909,0.9786051198050434
26.5,0.01495992681172329,0.006318622536269316,0.9787214506520052
26.55,0.01495258276418301,0.00621160596353614,0.9788358112722787
26.6,0.014945366616817462,0.006106398413469337,0.9789482349697111
26.650000000000002,0.01493827608772226,0.006002969424873324,0.9790587544874022
26.700000000000003,0.014931308937531848,0.005901289045395341,0.9791674020170705
26.75,0.014924462968566006,0.005801327823167003,0.9792742092082648
26.8,0.014917736023995437,0.005703056798578132,0.9793792071774242
26.85,0.01491112598702595,0.005606447496181024,0.9794824265167907
26.900000000000002,0.014904630780100753,0.005511471916723136,0.9795838973031739
26.950000000000003,0.014898248364120396,0.005418102529306432,0.9796836491065709
27,0.01489197673767994,0.005326312263671499,0.9797817109986464
27.05,0.014885813936322892,0.005236074502604562,0.9798781115610704
27.1,0.01487975803181151,0.005147363074465711,0.9799728788937206
27.150000000000002,0.014873807131413055,0.0050601522458364,0.9800660406227485
27.200000000000003,0.014867959377201595,0.004974416714284566,0.9801576239085117
27.25,0.014862212945374986,0.0048901316012455835,0.9802476554533773
27.3,0.014856566045586637,0.004807272445017296,0.980336161509394
27.35,0.014851016920291718,0.00472581519386752,0.9804231678858387
27.400000000000002,0.014845563844107443,0.004645736199252213,0.9805086999566383
27.450000000000003,0.014840205123187079,0.004567012209142734,0.980592782667668
27.5,0.014834939094607369,0.004489620361460529,0.9806754405439301
27.55,0.014829764125769014,0.0044135381776175785,0.9807566976966113
27.6,0.01482467861380993,0.004338743556161113,0.980836577830027
27.650000000000002,0.014819680985027065,0.004265214766477878,0.980915104248493
27.700000000000003,0.01481476969431626,0.0041929304426662865,0.9809922998630156
27.75,0.01480994322463877,0.004121869577665549,0.9810681871976938
27.8,0.014805200086459457,0.004052011517050189,0.9811427883964885
27.85,0.014800538817226592,0.0039833359532510096,0.9812161252295205
27.900000000000002,0.01479595798087313,0.003915822919988935,0.981288219099136
27.950000000000003,0.014791456167263387,0.003849452786072731,0.981359091046662
28,0.014787031991735486,0.0037842062502416443,0.981428761758021
28.05,0.01478268409462318,0.003720064335751643,0.9814972515696232
28.1,0.014778411140763762,0.0036570083847850426,0.9815645804744492
